  0.000000  36.500000
  0.000198  37.658283
  0.000396  38.752804
  0.000594  39.785892
  0.000792  40.759869
  0.000990  41.677040
  0.001188  42.539700
  0.001386  43.350101
  0.001584  44.110493
  0.001782  44.823078
  0.001980  45.490036
  0.002178  46.113503
  0.002376  46.695568
  0.002574  47.238297
  0.002772  47.743679
  0.002970  48.213673
  0.003168  48.650166
  0.003366  49.055012
  0.003564  49.429993
  0.003762  49.776844
  0.003960  50.097225
  0.004158  50.392738
  0.004356  50.664932
  0.004554  50.915287
  0.004752  51.145214
  0.004950  51.356064
  0.005149  51.549137
  0.005347  51.725643
  0.005545  51.886753
  0.005743  52.033562
  0.005941  52.167114
  0.006139  52.288395
  0.006337  52.398312
  0.006535  52.497738
  0.006733  52.587463
  0.006931  52.668259
  0.007129  52.740807
  0.007327  52.805756
  0.007525  52.863693
  0.007723  52.915173
  0.007921  52.960682
  0.008119  53.000671
  0.008317  53.035542
  0.008515  53.065655
  0.008713  53.091328
  0.008911  53.112831
  0.009109  53.130398
  0.009307  53.144218
  0.009505  53.154453
  0.009703  53.161213
  0.009901  53.164570
  0.010099  53.164570
  0.010297  53.161209
  0.010495  53.154446
  0.010693  53.144215
  0.010891  53.130394
  0.011089  53.112823
  0.011287  53.091324
  0.011485  53.065651
  0.011683  53.035538
  0.011881  53.000671
  0.012079  52.960682
  0.012277  52.915173
  0.012475  52.863693
  0.012673  52.805756
  0.012871  52.740807
  0.013069  52.668259
  0.013267  52.587463
  0.013465  52.497734
  0.013663  52.398308
  0.013861  52.288391
  0.014059  52.167114
  0.014257  52.033562
  0.014455  51.886753
  0.014653  51.725639
  0.014851  51.549129
  0.015050  51.356064
  0.015248  51.145214
  0.015446  50.915287
  0.015644  50.664932
  0.015842  50.392738
  0.016040  50.097218
  0.016238  49.776836
  0.016436  49.429993
  0.016634  49.055004
  0.016832  48.650162
  0.017030  48.213661
  0.017228  47.743671
  0.017426  47.238293
  0.017624  46.695564
  0.017822  46.113495
  0.018020  45.490032
  0.018218  44.823071
  0.018416  44.110485
  0.018614  43.350094
  0.018812  42.539692
  0.019010  41.677036
  0.019208  40.759869
  0.019406  39.785892
  0.019604  38.752804
  0.019802  37.658283
  0.020000  36.500000
