   0.00000000       3.81469727E-06
   1.98019799E-04   1.14440918E-05
   3.96039599E-04   2.17437744E-04
   5.94059355E-04   3.81469727E-04
   7.92079198E-04   5.34057617E-04
   9.90099041E-04   6.75201416E-04
   1.18811871E-03   8.04901123E-04
   1.38613861E-03   9.34600830E-04
   1.58415840E-03   1.05285645E-03
   1.78217806E-03   1.17492676E-03
   1.98019808E-03   1.29318237E-03
   2.17821775E-03   1.40762329E-03
   2.37623742E-03   1.51824951E-03
   2.57425709E-03   1.61361694E-03
   2.77227722E-03   1.71661377E-03
   2.97029689E-03   1.79290771E-03
   3.16831679E-03   1.89208984E-03
   3.36633646E-03   1.96075439E-03
   3.56435613E-03   2.04086304E-03
   3.76237626E-03   2.10952759E-03
   3.96039616E-03   2.15530396E-03
   4.15841583E-03   2.22396851E-03
   4.35643550E-03   2.26974487E-03
   4.55445517E-03   2.30407715E-03
   4.75247484E-03   2.33078003E-03
   4.95049497E-03   2.35748291E-03
   5.14851417E-03   2.36511230E-03
   5.34653477E-03   2.38800049E-03
   5.54455444E-03   2.38800049E-03
   5.74257411E-03   2.40707397E-03
   5.94059378E-03   2.40325928E-03
   6.13861391E-03   2.41088867E-03
   6.33663358E-03   2.39562988E-03
   6.53465325E-03   2.38800049E-03
   6.73267292E-03   2.38800049E-03
   6.93069259E-03   2.37274170E-03
   7.12871226E-03   2.36511230E-03
   7.32673192E-03   2.34603882E-03
   7.52475252E-03   2.34222412E-03
   7.72277219E-03   2.32315063E-03
   7.92079233E-03   2.30789185E-03
   8.11881199E-03   2.28881836E-03
   8.31683166E-03   2.26974487E-03
   8.51485133E-03   2.25830078E-03
   8.71287100E-03   2.24685669E-03
   8.91089067E-03   2.23159790E-03
   9.10891034E-03   2.22778320E-03
   9.30693001E-03   2.22396851E-03
   9.50494967E-03   2.21633911E-03
   9.70297027E-03   2.20489502E-03
   9.90098994E-03   2.20489502E-03
   1.00990087E-02   2.20489502E-03
   1.02970283E-02   2.21252441E-03
   1.04950489E-02   2.22396851E-03
   1.06930695E-02   2.22778320E-03
   1.08910892E-02   2.23159790E-03
   1.10891089E-02   2.23922729E-03
   1.12871286E-02   2.25067139E-03
   1.14851482E-02   2.26211548E-03
   1.16831679E-02   2.27355957E-03
   1.18811876E-02   2.28881836E-03
   1.20792072E-02   2.30407715E-03
   1.22772278E-02   2.31552124E-03
   1.24752475E-02   2.33459473E-03
   1.26732672E-02   2.34603882E-03
   1.28712868E-02   2.36511230E-03
   1.30693065E-02   2.37274170E-03
   1.32673262E-02   2.38800049E-03
   1.34653458E-02   2.39181519E-03
   1.36633655E-02   2.39181519E-03
   1.38613852E-02   2.41470337E-03
   1.40594048E-02   2.40325928E-03
   1.42574245E-02   2.40707397E-03
   1.44554442E-02   2.38800049E-03
   1.46534638E-02   2.39181519E-03
   1.48514854E-02   2.37274170E-03
   1.50495050E-02   2.35748291E-03
   1.52475247E-02   2.32696533E-03
   1.54455444E-02   2.30407715E-03
   1.56435650E-02   2.26974487E-03
   1.58415847E-02   2.22396851E-03
   1.60396043E-02   2.16293335E-03
   1.62376240E-02   2.11334229E-03
   1.64356437E-02   2.04467773E-03
   1.66336633E-02   1.97601318E-03
   1.68316830E-02   1.89590454E-03
   1.70297027E-02   1.80435181E-03
   1.72277223E-02   1.72424316E-03
   1.74257420E-02   1.60980225E-03
   1.76237617E-02   1.52206421E-03
   1.78217813E-02   1.41525269E-03
   1.80198010E-02   1.29699707E-03
   1.82178207E-02   1.18637085E-03
   1.84158403E-02   1.06048584E-03
   1.86138600E-02   9.42230225E-04
   1.88118797E-02   8.12530518E-04
   1.90098993E-02   6.79016113E-04
   1.92079209E-02   5.26428223E-04
   1.94059405E-02   3.77655029E-04
   1.96039602E-02   2.17437744E-04
   1.98019799E-02   7.62939453E-06
   1.99999996E-02   3.81469727E-06
