   0.00000000       3.81469727E-06
   1.98019799E-04   2.13623047E-04
   3.96039599E-04   3.92913818E-04
   5.94059355E-04   5.72204590E-04
   7.92079198E-04   7.62939453E-04
   9.90099041E-04   9.57489014E-04
   1.18811871E-03   1.14822388E-03
   1.38613861E-03   1.34658813E-03
   1.58415840E-03   1.51443481E-03
   1.78217806E-03   1.69754028E-03
   1.98019808E-03   1.86538696E-03
   2.17821775E-03   2.02941895E-03
   2.37623742E-03   2.18963623E-03
   2.57425709E-03   2.31552124E-03
   2.77227722E-03   2.46429443E-03
   2.97029689E-03   2.58255005E-03
   3.16831679E-03   2.71606445E-03
   3.36633646E-03   2.80761719E-03
   3.56435613E-03   2.90298462E-03
   3.76237626E-03   2.97546387E-03
   3.96039616E-03   3.04794312E-03
   4.15841583E-03   3.14712524E-03
   4.35643550E-03   3.18908691E-03
   4.55445517E-03   3.23486328E-03
   4.75247484E-03   3.25393677E-03
   4.95049497E-03   3.29208374E-03
   5.14851417E-03   3.31115723E-03
   5.34653477E-03   3.31878662E-03
   5.54455444E-03   3.34167480E-03
   5.74257411E-03   3.36074829E-03
   5.94059378E-03   3.35311890E-03
   6.13861391E-03   3.37219238E-03
   6.33663358E-03   3.36837769E-03
   6.53465325E-03   3.37600708E-03
   6.73267292E-03   3.37982178E-03
   6.93069259E-03   3.35311890E-03
   7.12871226E-03   3.34930420E-03
   7.32673192E-03   3.34930420E-03
   7.52475252E-03   3.34167480E-03
   7.72277219E-03   3.32641602E-03
   7.92079233E-03   3.31878662E-03
   8.11881199E-03   3.28826904E-03
   8.31683166E-03   3.26919556E-03
   8.51485133E-03   3.25393677E-03
   8.71287100E-03   3.25012207E-03
   8.91089067E-03   3.22723389E-03
   9.10891034E-03   3.20816040E-03
   9.30693001E-03   3.20053101E-03
   9.50494967E-03   3.18145752E-03
   9.70297027E-03   3.18145752E-03
   9.90098994E-03   3.17382812E-03
   1.00990087E-02   3.17382812E-03
   1.02970283E-02   3.17382812E-03
   1.04950489E-02   3.18145752E-03
   1.06930695E-02   3.20053101E-03
   1.08910892E-02   3.21197510E-03
   1.10891089E-02   3.23867798E-03
   1.12871286E-02   3.25775146E-03
   1.14851482E-02   3.25775146E-03
   1.16831679E-02   3.28445435E-03
   1.18811876E-02   3.29971313E-03
   1.20792072E-02   3.33404541E-03
   1.22772278E-02   3.33404541E-03
   1.24752475E-02   3.34167480E-03
   1.26732672E-02   3.34167480E-03
   1.28712868E-02   3.34548950E-03
   1.30693065E-02   3.34167480E-03
   1.32673262E-02   3.37982178E-03
   1.34653458E-02   3.36456299E-03
   1.36633655E-02   3.35693359E-03
   1.38613852E-02   3.37219238E-03
   1.40594048E-02   3.35311890E-03
   1.42574245E-02   3.36837769E-03
   1.44554442E-02   3.34167480E-03
   1.46534638E-02   3.32260132E-03
   1.48514854E-02   3.31878662E-03
   1.50495050E-02   3.29589844E-03
   1.52475247E-02   3.26156616E-03
   1.54455444E-02   3.24630737E-03
   1.56435650E-02   3.19290161E-03
   1.58415847E-02   3.15093994E-03
   1.60396043E-02   3.04031372E-03
   1.62376240E-02   2.97546387E-03
   1.64356437E-02   2.91824341E-03
   1.66336633E-02   2.81143188E-03
   1.68316830E-02   2.71224976E-03
   1.70297027E-02   2.58255005E-03
   1.72277223E-02   2.46429443E-03
   1.74257420E-02   2.31552124E-03
   1.76237617E-02   2.17437744E-03
   1.78217813E-02   2.01416016E-03
   1.80198010E-02   1.85394287E-03
   1.82178207E-02   1.68228149E-03
   1.84158403E-02   1.50299072E-03
   1.86138600E-02   1.32751465E-03
   1.88118797E-02   1.13677979E-03
   1.90098993E-02   9.53674316E-04
   1.92079209E-02   7.47680664E-04
   1.94059405E-02   5.68389893E-04
   1.96039602E-02   3.92913818E-04
   1.98019799E-02   2.09808350E-04
   1.99999996E-02   3.81469727E-06
