   0.00000000       3.81469727E-06
   1.98019799E-04   1.86920166E-04
   3.96039599E-04   3.47137451E-04
   5.94059355E-04   5.11169434E-04
   7.92079198E-04   6.79016113E-04
   9.90099041E-04   8.43048096E-04
   1.18811871E-03   1.00326538E-03
   1.38613861E-03   1.16729736E-03
   1.58415840E-03   1.31225586E-03
   1.78217806E-03   1.46865845E-03
   1.98019808E-03   1.61361694E-03
   2.17821775E-03   1.76239014E-03
   2.37623742E-03   1.90353394E-03
   2.57425709E-03   2.01797485E-03
   2.77227722E-03   2.15148926E-03
   2.97029689E-03   2.25830078E-03
   3.16831679E-03   2.38037109E-03
   3.36633646E-03   2.46047974E-03
   3.56435613E-03   2.55203247E-03
   3.76237626E-03   2.60925293E-03
   3.96039616E-03   2.67028809E-03
   4.15841583E-03   2.75421143E-03
   4.35643550E-03   2.79235840E-03
   4.55445517E-03   2.83813477E-03
   4.75247484E-03   2.86483765E-03
   4.95049497E-03   2.89154053E-03
   5.14851417E-03   2.90679932E-03
   5.34653477E-03   2.91824341E-03
   5.54455444E-03   2.93731689E-03
   5.74257411E-03   2.96020508E-03
   5.94059378E-03   2.94876099E-03
   6.13861391E-03   2.96020508E-03
   6.33663358E-03   2.95639038E-03
   6.53465325E-03   2.96401978E-03
   6.73267292E-03   2.97546387E-03
   6.93069259E-03   2.94494629E-03
   7.12871226E-03   2.95257568E-03
   7.32673192E-03   2.95257568E-03
   7.52475252E-03   2.94494629E-03
   7.72277219E-03   2.93731689E-03
   7.92079233E-03   2.93731689E-03
   8.11881199E-03   2.90679932E-03
   8.31683166E-03   2.89535522E-03
   8.51485133E-03   2.87246704E-03
   8.71287100E-03   2.86483765E-03
   8.91089067E-03   2.83432007E-03
   9.10891034E-03   2.81524658E-03
   9.30693001E-03   2.80380249E-03
   9.50494967E-03   2.78472900E-03
   9.70297027E-03   2.78091431E-03
   9.90098994E-03   2.78472900E-03
   1.00990087E-02   2.78472900E-03
   1.02970283E-02   2.78091431E-03
   1.04950489E-02   2.78472900E-03
   1.06930695E-02   2.80380249E-03
   1.08910892E-02   2.81524658E-03
   1.10891089E-02   2.83432007E-03
   1.12871286E-02   2.86483765E-03
   1.14851482E-02   2.87246704E-03
   1.16831679E-02   2.89535522E-03
   1.18811876E-02   2.90298462E-03
   1.20792072E-02   2.93731689E-03
   1.22772278E-02   2.93731689E-03
   1.24752475E-02   2.94494629E-03
   1.26732672E-02   2.95257568E-03
   1.28712868E-02   2.95257568E-03
   1.30693065E-02   2.94494629E-03
   1.32673262E-02   2.97546387E-03
   1.34653458E-02   2.96401978E-03
   1.36633655E-02   2.94876099E-03
   1.38613852E-02   2.96020508E-03
   1.40594048E-02   2.94876099E-03
   1.42574245E-02   2.96020508E-03
   1.44554442E-02   2.92968750E-03
   1.46534638E-02   2.91824341E-03
   1.48514854E-02   2.90679932E-03
   1.50495050E-02   2.89154053E-03
   1.52475247E-02   2.86483765E-03
   1.54455444E-02   2.83813477E-03
   1.56435650E-02   2.79235840E-03
   1.58415847E-02   2.75421143E-03
   1.60396043E-02   2.66265869E-03
   1.62376240E-02   2.60925293E-03
   1.64356437E-02   2.55966187E-03
   1.66336633E-02   2.46429443E-03
   1.68316830E-02   2.37655640E-03
   1.70297027E-02   2.25830078E-03
   1.72277223E-02   2.15148926E-03
   1.74257420E-02   2.01797485E-03
   1.76237617E-02   1.90353394E-03
   1.78217813E-02   1.76239014E-03
   1.80198010E-02   1.61743164E-03
   1.82178207E-02   1.46865845E-03
   1.84158403E-02   1.31225586E-03
   1.86138600E-02   1.16729736E-03
   1.88118797E-02   1.00326538E-03
   1.90098993E-02   8.46862793E-04
   1.92079209E-02   6.71386719E-04
   1.94059405E-02   5.07354736E-04
   1.96039602E-02   3.47137451E-04
   1.98019799E-02   1.83105469E-04
   1.99999996E-02   3.81469727E-06
