   0.00000000       3.81469727E-06   3.81469727E-06
   1.99999995E-04   3.05175781E-05   5.72204590E-05
   3.99999990E-04   8.77380371E-05   8.77380371E-05
   5.99999970E-04   1.41143799E-04   1.25885010E-04
   7.99999980E-04   1.98364258E-04   1.60217285E-04
   9.99999931E-04   2.55584717E-04   1.94549561E-04
   1.19999994E-03   3.12805176E-04   2.32696533E-04
   1.39999995E-03   3.77655029E-04   2.63214111E-04
   1.59999996E-03   4.42504883E-04   3.01361084E-04
   1.79999985E-03   5.07354736E-04   3.39508057E-04
   1.99999986E-03   6.02722168E-04   3.50952148E-04
   2.19999999E-03   6.71386719E-04   3.92913818E-04
   2.39999988E-03   7.55310059E-04   4.23431396E-04
   2.59999977E-03   8.58306885E-04   4.46319580E-04
   2.79999990E-03   9.61303711E-04   4.65393066E-04
   2.99999979E-03   1.05285645E-03   4.92095947E-04
   3.19999992E-03   1.16348267E-03   5.14984131E-04
   3.40000005E-03   1.27410889E-03   5.30242920E-04
   3.59999971E-03   1.39999390E-03   5.37872314E-04
   3.79999983E-03   1.52587891E-03   5.49316406E-04
   3.99999972E-03   1.65939331E-03   5.56945801E-04
   4.19999985E-03   1.80053711E-03   5.56945801E-04
   4.39999998E-03   1.93786621E-03   5.49316406E-04
   4.59999964E-03   2.09045410E-03   5.45501709E-04
   4.79999976E-03   2.22396851E-03   5.45501709E-04
   4.99999989E-03   2.37274170E-03   5.37872314E-04
   5.19999955E-03   2.51007080E-03   5.34057617E-04
   5.39999967E-03   2.67028809E-03   5.14984131E-04
   5.59999980E-03   2.82287598E-03   4.99725342E-04
   5.79999993E-03   2.98309326E-03   4.76837158E-04
   5.99999959E-03   3.12042236E-03   4.61578369E-04
   6.19999971E-03   3.27301025E-03   4.34875488E-04
   6.39999984E-03   3.41415405E-03   4.19616699E-04
   6.59999950E-03   3.55148315E-03   4.00543213E-04
   6.80000009E-03   3.69644165E-03   3.73840332E-04
   6.99999975E-03   3.83377075E-03   3.43322754E-04
   7.19999941E-03   3.96347046E-03   3.20434570E-04
   7.40000000E-03   4.08172607E-03   3.01361084E-04
   7.59999966E-03   4.19616699E-03   2.82287598E-04
   7.79999932E-03   4.31442261E-03   2.55584717E-04
   7.99999945E-03   4.40216064E-03   2.47955322E-04
   8.20000004E-03   4.49371338E-03   2.32696533E-04
   8.39999970E-03   4.57382202E-03   2.13623047E-04
   8.59999936E-03   4.64630127E-03   2.09808350E-04
   8.79999995E-03   4.71496582E-03   1.86920166E-04
   8.99999961E-03   4.76455688E-03   1.83105469E-04
   9.19999927E-03   4.82559204E-03   1.52587891E-04
   9.39999986E-03   4.85992432E-03   1.56402588E-04
   9.59999952E-03   4.87518311E-03   1.48773193E-04
   9.79999918E-03   4.90570068E-03   1.44958496E-04
   9.99999978E-03   4.89807129E-03   1.48773193E-04
   1.01999994E-02   4.90570068E-03   1.44958496E-04
   1.03999991E-02   4.87518311E-03   1.48773193E-04
   1.05999988E-02   4.85992432E-03   1.56402588E-04
   1.07999993E-02   4.82559204E-03   1.52587891E-04
   1.09999999E-02   4.76455688E-03   1.83105469E-04
   1.11999996E-02   4.71496582E-03   1.86920166E-04
   1.13999993E-02   4.65393066E-03   2.02178955E-04
   1.15999999E-02   4.57382202E-03   2.13623047E-04
   1.17999995E-02   4.49371338E-03   2.32696533E-04
   1.19999992E-02   4.40216064E-03   2.47955322E-04
   1.21999998E-02   4.30679321E-03   2.63214111E-04
   1.23999994E-02   4.19616699E-03   2.82287598E-04
   1.26000000E-02   4.07409668E-03   3.08990479E-04
   1.27999997E-02   3.96347046E-03   3.20434570E-04
   1.29999993E-02   3.83377075E-03   3.43322754E-04
   1.31999990E-02   3.69644165E-03   3.73840332E-04
   1.33999987E-02   3.55529785E-03   3.96728516E-04
   1.36000002E-02   3.41415405E-03   4.19616699E-04
   1.37999998E-02   3.26538086E-03   4.42504883E-04
   1.39999995E-02   3.12042236E-03   4.57763672E-04
   1.41999992E-02   2.98309326E-03   4.73022461E-04
   1.43999988E-02   2.82287598E-03   4.95910645E-04
   1.45999985E-02   2.67028809E-03   5.11169434E-04
   1.48000000E-02   2.51007080E-03   5.26428223E-04
   1.49999997E-02   2.37274170E-03   5.30242920E-04
   1.51999993E-02   2.22015381E-03   5.41687012E-04
   1.53999990E-02   2.08282471E-03   5.45501709E-04
   1.55999986E-02   1.93786621E-03   5.41687012E-04
   1.57999992E-02   1.80053711E-03   5.53131104E-04
   1.59999989E-02   1.65939331E-03   5.45501709E-04
   1.62000004E-02   1.52587891E-03   5.37872314E-04
   1.64000001E-02   1.39999390E-03   5.26428223E-04
   1.65999997E-02   1.27410889E-03   5.18798828E-04
   1.67999994E-02   1.16348267E-03   5.03540039E-04
   1.69999991E-02   1.05285645E-03   4.84466553E-04
   1.71999987E-02   9.61303711E-04   4.53948975E-04
   1.74000002E-02   8.50677490E-04   4.46319580E-04
   1.75999999E-02   7.47680664E-04   4.23431396E-04
   1.77999996E-02   6.71386719E-04   3.81469727E-04
   1.79999992E-02   5.98907471E-04   3.39508057E-04
   1.81999989E-02   5.03540039E-04   3.31878662E-04
   1.83999985E-02   4.38690186E-04   2.89916992E-04
   1.86000001E-02   3.77655029E-04   2.51770020E-04
   1.87999997E-02   3.08990479E-04   2.25067139E-04
   1.89999994E-02   2.55584717E-04   1.83105469E-04
   1.91999990E-02   1.94549561E-04   1.48773193E-04
   1.93999987E-02   1.41143799E-04   1.18255615E-04
   1.95999984E-02   8.39233398E-05   8.39233398E-05
   1.97999980E-02   3.05175781E-05   5.34057617E-05
   1.99999996E-02   3.81469727E-06   3.81469727E-06
