   0.00000000       36.5000000       36.5000000       36.5000000    
   1.99999995E-04  -33.8362007       37.6696434       37.6697311    
   3.99999990E-04   181.343933       38.7742615       38.7744370    
   5.99999970E-04  -172.936844       39.8162537       39.8165207    
   7.99999980E-04   322.427124       40.7980080       40.7983665    
   9.99999931E-04  -307.059296       41.7219048       41.7223549    
   1.19999994E-03   456.405701       42.5902939       42.5908394    
   1.39999995E-03  -432.948456       43.4055138       43.4061546    
   1.59999996E-03   580.222046       44.1698685       44.1706123    
   1.79999985E-03  -547.700500       44.8856277       44.8864746    
   1.99999986E-03   691.228210       45.5550308       45.5559845    
   2.19999999E-03  -648.875244       46.1802750       46.1813393    
   2.39999988E-03   787.285645       46.7635155       46.7646942    
   2.59999977E-03  -734.583984       47.3068466       47.3081512    
   2.79999990E-03   866.840698       47.8123436       47.8137703    
   2.99999979E-03  -803.549500       48.2820015       48.2835464    
   3.19999992E-03   928.965881       48.7177620       48.7194405    
   3.40000005E-03  -855.133179       49.1215248       49.1233292    
   3.59999971E-03   973.373535       49.4951134       49.4970512    
   3.79999983E-03  -889.331909       49.8402977       49.8423729    
   3.99999972E-03   1000.39703       50.1587830       50.1609993    
   4.19999985E-03  -906.747498       50.4522133       50.4545708    
   4.39999998E-03   1010.94678       50.7221756       50.7246628    
   4.59999964E-03  -908.528015       50.9701538       50.9727898    
   4.79999976E-03   1006.44189       51.1976242       51.2003937    
   4.99999989E-03  -896.292480       51.4059410       51.4088516    
   5.19999955E-03   988.725342       51.5964317       51.5994759    
   5.39999967E-03  -872.038513       51.7703285       51.7735138    
   5.59999980E-03   959.966797       51.9288292       51.9321518    
   5.79999993E-03  -838.041748       52.0730400       52.0764999    
   5.99999959E-03   922.561462       52.2040291       52.2076111    
   6.19999971E-03  -796.753967       52.3227730       52.3264809    
   6.39999984E-03   879.027039       52.4302139       52.4340477    
   6.59999950E-03  -750.702271       52.5272141       52.5311661    
   6.80000009E-03   831.907593       52.6145859       52.6186562    
   6.99999975E-03  -702.395935       52.6930962       52.6972733    
   7.19999941E-03   783.683899       52.7634277       52.7677116    
   7.40000000E-03  -654.243408       52.8262444       52.8306274    
   7.59999966E-03   736.697205       52.8821220       52.8866005    
   7.79999932E-03  -608.480957       52.9316139       52.9361839    
   7.99999945E-03   693.084412       52.9752083       52.9798584    
   8.20000004E-03  -567.114136       53.0133476       53.0180740    
   8.39999970E-03   654.725464       53.0464401       53.0512276    
   8.59999936E-03  -531.872375       53.0748177       53.0796738    
   8.79999995E-03   623.202820       53.0988083       53.1037102    
   8.99999961E-03  -504.173096       53.1186638       53.1236115    
   9.19999927E-03   599.773804       53.1346130       53.1395912    
   9.39999986E-03  -485.098297       53.1468201       53.1518364    
   9.59999952E-03   585.348999       53.1554565       53.1604805    
   9.79999918E-03  -475.377350       53.1605797       53.1656303    
   9.99999978E-03   580.479309       53.1622925       53.1673393    
   1.01999994E-02  -475.377563       53.1605797       53.1656303    
   1.03999991E-02   585.349487       53.1554565       53.1604805    
   1.05999988E-02  -485.098846       53.1468201       53.1518364    
   1.07999993E-02   599.774780       53.1346130       53.1395912    
   1.09999999E-02  -504.174225       53.1186638       53.1236115    
   1.11999996E-02   623.204346       53.0988083       53.1037102    
   1.13999993E-02  -531.874146       53.0748177       53.0796738    
   1.15999999E-02   654.727661       53.0464401       53.0512276    
   1.17999995E-02  -567.116882       53.0133476       53.0180740    
   1.19999992E-02   693.087646       52.9752083       52.9798584    
   1.21999998E-02  -608.484253       52.9316139       52.9361839    
   1.23999994E-02   736.701416       52.8821220       52.8866005    
   1.26000000E-02  -654.247559       52.8262444       52.8306274    
   1.27999997E-02   783.688965       52.7634277       52.7677116    
   1.29999993E-02  -702.401062       52.6930962       52.6972733    
   1.31999990E-02   831.913696       52.6145859       52.6186562    
   1.33999987E-02  -750.708618       52.5272141       52.5311661    
   1.36000002E-02   879.034485       52.4302139       52.4340477    
   1.37999998E-02  -796.761475       52.3227730       52.3264809    
   1.39999995E-02   922.569824       52.2040291       52.2076073    
   1.41999992E-02  -838.050476       52.0730400       52.0764961    
   1.43999988E-02   959.976135       51.9288292       51.9321480    
   1.45999985E-02  -872.048035       51.7703285       51.7735100    
   1.48000000E-02   988.735535       51.5964317       51.5994682    
   1.49999997E-02  -896.303162       51.4059410       51.4088440    
   1.51999993E-02   1006.45294       51.1976242       51.2003860    
   1.53999990E-02  -908.539429       50.9701538       50.9727821    
   1.55999986E-02   1010.95831       50.7221756       50.7246552    
   1.57999992E-02  -906.759399       50.4522133       50.4545670    
   1.59999989E-02   1000.40881       50.1587830       50.1609879    
   1.62000004E-02  -889.344238       49.8402977       49.8423615    
   1.64000001E-02   973.385681       49.4951134       49.4970398    
   1.65999997E-02  -855.145325       49.1215248       49.1233177    
   1.67999994E-02   928.978027       48.7177620       48.7194290    
   1.69999991E-02  -803.561401       48.2820015       48.2835388    
   1.71999987E-02   866.852234       47.8123436       47.8137589    
   1.74000002E-02  -734.595093       47.3068466       47.3081436    
   1.75999999E-02   787.296509       46.7635155       46.7646866    
   1.77999996E-02  -648.885254       46.1802750       46.1813278    
   1.79999992E-02   691.237732       45.5550346       45.5559731    
   1.81999989E-02  -547.709412       44.8856316       44.8864670    
   1.83999985E-02   580.230164       44.1698723       44.1706009    
   1.86000001E-02  -432.955902       43.4055176       43.4061470    
   1.87999997E-02   456.412048       42.5902977       42.5908318    
   1.89999994E-02  -307.064758       41.7219048       41.7223434    
   1.91999990E-02   322.431488       40.7980118       40.7983551    
   1.93999987E-02  -172.940186       39.8162537       39.8165131    
   1.95999984E-02   181.346130       38.7742615       38.7744293    
   1.97999980E-02  -33.8373375       37.6696434       37.6697273    
   1.99999996E-02   36.5000000       36.5000000       36.5000000    
