   0.0000000000000000        36.500000000000000     
   1.9999999552965166E-004   1.1696709967790753     
   3.9999999105930331E-004   1.1053589742415326     
   5.9999998658895489E-004   1.0434364248666768     
   7.9999998211860662E-004  0.98389406129732038     
   9.9999997764825825E-004  0.92671451867217058     
   1.1999999731779098E-003  0.87187526202569643     
   1.3999999687075617E-003  0.81934919728320210     
   1.5999999642372132E-003  0.76910496584623900     
   1.7999999597668648E-003  0.72110718121486173     
   1.9999999552965165E-003  0.67531666064186169     
   2.1999999508261680E-003  0.63169066503553495     
   2.3999999463558195E-003  0.59018314999732979     
   2.5999999418854715E-003  0.55074502758786537     
   2.7999999374151235E-003  0.51332443719668674     
   2.9999999329447745E-003  0.47786702338978415     
   3.1999999284744265E-003  0.44431621839990498     
   3.3999999240040780E-003  0.41261352685202723     
   3.5999999195337295E-003  0.38269881031939690     
   3.7999999150633811E-003  0.35451056935602310     
   3.9999999105930330E-003  0.32798622073902095     
   4.1999999061226841E-003  0.30306236776470996     
   4.3999999016523361E-003  0.27967506157840205     
   4.5999998971819880E-003  0.25776005166732574     
   4.7999998927116391E-003  0.23725302381109259     
   4.9999998882412910E-003  0.21808982395852894     
   5.1999998837709430E-003  0.20020666668172993     
   5.3999998793005950E-003  0.18354032704297651     
   5.5999998748302469E-003  0.16802831489929559     
   5.7999998703598971E-003  0.15360903085488786     
   5.9999998658895491E-003  0.14022190325609785     
   6.1999998614192010E-003  0.12780750580303391     
   6.3999998569488530E-003  0.11630765552514788     
   6.5999998524785041E-003  0.10566549103240419     
   6.7999998480081560E-003   9.5825531112303963E-002
   6.9999998435378080E-003   8.6733713889444175E-002
   7.1999998390674591E-003   7.8337416902897417E-002
   7.3999998345971110E-003   7.0585458584780270E-002
   7.5999998301267621E-003   6.3428081742401332E-002
   7.7999998256564141E-003   5.6816919754346884E-002
   7.9999998211860660E-003   5.0704946291382669E-002
   8.1999998167157171E-003   4.5046409464760018E-002
   8.3999998122453682E-003   3.9796751386468543E-002
   8.5999998077750210E-003   3.4912514203647049E-002
   8.7999998033046721E-003   3.0351233737889061E-002
   8.9999997988343249E-003   2.6071321924298729E-002
   9.1999997943639760E-003   2.2031939303737147E-002
   9.3999997898936271E-003   1.8192858874975570E-002
   9.5999997854232782E-003   1.4514322663984558E-002
   9.7999997809529310E-003   1.0956892411691399E-002
   9.9999997764825821E-003   7.4812958245118466E-003
   1.0199999772012233E-002   4.0482698686545859E-003
   1.0399999767541886E-002   6.1840262333134888E-004
   1.0599999763071537E-002   2.8480247636863965E-003
   1.0799999758601190E-002   6.3911944502876850E-003
   1.0999999754130841E-002   1.0051905019665242E-002
   1.1199999749660494E-002   1.3871719748379974E-002
   1.1399999745190145E-002   1.7893108424658521E-002
   1.1599999740719794E-002   2.2159581123744942E-002
   1.1799999736249447E-002   2.6715812363626412E-002
   1.1999999731779098E-002   3.1607754092050300E-002
   1.2199999727308749E-002   3.6882735996421445E-002
   1.2399999722838402E-002   4.2589551681288640E-002
   1.2599999718368053E-002   4.8778529327890396E-002
   1.2799999713897706E-002   5.5501585533598075E-002
   1.2999999709427357E-002   6.2812261130353875E-002
   1.3199999704957008E-002   7.0765737898248915E-002
   1.3399999700486661E-002   7.9418835224409179E-002
   1.3599999696016312E-002   8.8829985909271159E-002
   1.3799999691545965E-002   9.9059190487849946E-002
   1.3999999687075616E-002  0.11016794961848575     
   1.4199999682605265E-002  0.12221917428711748     
   1.4399999678134918E-002  0.13527707378495535     
   1.4599999673664569E-002  0.14940702163952579     
   1.4799999669194222E-002  0.16467539990629376     
   1.4999999664723873E-002  0.18114942246484844     
   1.5199999660253524E-002  0.19889693820150001     
   1.5399999655783177E-002  0.21798621519855033     
   1.5599999651312828E-002  0.23848570728575424     
   1.5799999646842481E-002  0.26046380453839646     
   1.5999999642372132E-002  0.28398856952416907     
   1.6199999637901783E-002  0.30912746130632485     
   1.6399999633431434E-002  0.33594704939794440     
   1.6599999628961089E-002  0.36451272002955193     
   1.6799999624490736E-002  0.39488837723701664     
   1.6999999620020387E-002  0.42713614139533007     
   1.7199999615550042E-002  0.46131604791497693     
   1.7399999611079693E-002  0.49748574888217689     
   1.7599999606609344E-002  0.53570022046073973     
   1.7799999602138995E-002  0.57601147888699700     
   1.7999999597668650E-002  0.61846830789356488     
   1.8199999593198301E-002  0.66311600041285601     
   1.8399999588727952E-002  0.70999611750212210     
   1.8599999584257603E-002  0.75914626775028182     
   1.8799999579787254E-002  0.81059991140199372     
   1.8999999575316909E-002  0.86438619642175496     
   1.9199999570846556E-002  0.92052984369204438     
   1.9399999566376207E-002  0.97905113790248066     
   1.9599999561905862E-002   1.0399662856754475     
   1.9799999557435513E-002   1.1032901234857277     
   1.9999999552965164E-002   1.1689922167564077     
